
99.76163959534742 Kappa accuracy (%)
99.79094076655052 Overall accuracy (%)
99.30130259326121 Average accuracy (%)

                              precision    recall  f1-score   support

                     Alfalfa       1.00      1.00      1.00        32
                 Corn-notill       1.00      1.00      1.00      1000
                Corn-mintill       1.00      1.00      1.00       581
                        Corn       1.00      0.99      0.99       166
               Grass-pasture       0.99      1.00      1.00       338
                 Grass-trees       1.00      1.00      1.00       511
         Grass-pasture-mowed       1.00      0.95      0.97        20
               Hay-windrowed       1.00      1.00      1.00       335
                        Oats       1.00      1.00      1.00        14
              Soybean-notill       1.00      1.00      1.00       680
             Soybean-mintill       1.00      1.00      1.00      1719
               Soybean-clean       0.99      1.00      1.00       415
                       Wheat       1.00      0.99      1.00       143
                       Woods       1.00      1.00      1.00       886
Buildings-Grass-Trees-Drives       1.00      1.00      1.00       270
          Stone-Steel-Towers       1.00      0.97      0.98        65

                    accuracy                           1.00      7175
                   macro avg       1.00      0.99      1.00      7175
                weighted avg       1.00      1.00      1.00      7175

[[  32    0    0    0    0    0    0    0    0    0    0    0    0    0
     0    0]
 [   0  999    0    0    0    0    0    0    0    0    0    0    0    1
     0    0]
 [   0    0  580    0    0    0    0    0    0    1    0    0    0    0
     0    0]
 [   0    0    0  164    0    0    0    0    0    0    0    2    0    0
     0    0]
 [   0    0    0    0  337    0    0    0    0    0    1    0    0    0
     0    0]
 [   0    0    0    0    0  510    0    0    0    0    1    0    0    0
     0    0]
 [   0    0    0    0    1    0   19    0    0    0    0    0    0    0
     0    0]
 [   0    0    0    0    0    0    0  335    0    0    0    0    0    0
     0    0]
 [   0    0    0    0    0    0    0    0   14    0    0    0    0    0
     0    0]
 [   0    0    0    0    0    0    0    0    0  679    0    0    0    0
     1    0]
 [   0    2    0    0    0    1    0    0    0    0 1716    0    0    0
     0    0]
 [   0    0    0    0    0    0    0    0    0    0    0  415    0    0
     0    0]
 [   0    0    0    0    1    0    0    0    0    0    0    0  142    0
     0    0]
 [   0    1    0    0    0    0    0    0    0    0    0    0    0  885
     0    0]
 [   0    0    0    0    0    0    0    0    0    0    0    0    0    0
   270    0]
 [   0    1    0    0    0    0    0    0    0    0    0    1    0    0
     0   63]]